-0.07647451 0.2958281 -0.03038381 -0.1553834 -0.005014574
-0.5746056 -0.6240716 0.1695387 0.224645 -0.05058108
-0.1024061 -0.1102975 -0.2173572 -0.01473737 0.08153013
-0.04240948 -0.03976523 -0.1172136 0.06329558 -0.03099867
-0.1133615 -0.02969493 -0.07089379 -0.05861609 -0.1793409
-0.1919605 -0.1126454 -0.03393017 0.2716321 0.316275
0.5637442 0.6183131 0.02869417 0.03861751 -0.3230856
-0.2461456 0.001466731 -0.02080928 -0.07812057 -0.2822869
-0.1770984 -0.1990147 -0.03634254 0.02944899 -0.06167698
0.4316052 0.5179 -0.2584504 -0.3832679 0.04175081
0.04363304 -0.2217226 -0.4328512 -0.1114821 -0.02378987
0.007280327 -0.07578716 -0.2356939 -0.3100412 -0.5759991
0.1606758 0.1375086 -0.2679456 -0.3556262 -0.08254938
0.1057961 -0.009148054 -0.01244749 0.5430463 -0.09203613
-0.1860144 -0.4022552 -0.054402 -0.1813677 0.1010838
-0.07536999 0.05368207 0.3263125 0.246784 0.3040137
-0.01923938 -0.3293362 0.2659521 -0.04666365 -0.06354755
